111111000
000000000
111111001
000111101
010010001
000111001
111111011
000001010
000010011
001100100
111111010
000001010
001000111
111111011
000001111
000011010
001100011
111111010
000001111
010110001
000111001
010111001
000111001
111111011
000000001
110010011
111111011
000000000
100011111
110100100
101100011
111110100
111100111
101011100
011011001
000111001
001010000
111111100
000000001
110010100
000010000
001110001
111111010
000111100
111111101
000100000
010011000
000111000
110011101
100011111
110100100
101100011
111110100
111100111
101011100
011011001
000111001
001010000
000010000
001110011
001110000
