111111000
000000000
111111010
010000000
111111011
001100000
011011010
000111010
111111011
001001000
011011010
000111010
111111011
001111000
011011010
000111010
111111011
001110010
011011010
000111010
111111011
001101010
011011010
000111010
111111011
001101001
011011010
000111010
111111011
001011100
011011010
000111010
111111011
001111110
011011010
000111010
111111011
001111011
011011010
000111010
111111010
010000000
111111011
000000001
111111001
001000000
010111001
000111001
111111100
000001001
010110010
000111010
001000010
001010111
001010000
010101001
000111001
111111011
001111111
000011101
001100110
000111011
110101011
001000011
001010101
001010101
110101111
000101000
001100010
001001011
000000101
001100011
001001000
001010111
111111011
000000001
110100011
000100011
001110011
001001010
111111101
010001000
000101010
001110110
111111000
001111111
111111001
001111111
001110000
111111001
001000000
010111001
111111010
000100000
111111011
001111111
010101001
000111001
110100100
101100101
111110100
110010010
000010100
001100101
111111101
010000000
001001100
001010101
100101111
111111010
000100000
101101010
111111100
001111111
000100101
001100011
000111100
110101100
011101000
000111000
001010000
000011001
001110001
001110000
